0.045867176 0.047511200 0.031014550 0.039593153 0.051742432 
0.082585505 0.051379846 0.036901917 0.047398592 0.062285548 
0.128119442 0.070124944 0.045209084 0.055855078 0.069794014 
0.173393201 0.089443893 1.944508031 0.063135759 0.092027982 
0.210347755 1.882157258 0.069387359 0.077540340 0.107522576 
0.283299768 0.154351732 0.089102099 0.096095587 0.132984903 
1.629524186 0.198483548 0.110089484 1.874828123 0.174806687 
0.072835120 0.046417242 0.035401404 0.055979716 0.054471031 
1.858663823 0.070903836 0.047611990 0.051084799 1.932594963 
0.222274248 0.113310345 0.068993694 0.068360215 0.085179541 
1.668607406 0.170917853 0.098330807 0.098847507 0.116209099 
1.516926081 0.244296840 1.863944897 0.152237314 0.152313231 
0.647355815 1.674443839 0.176439277 0.181935209 0.193886534 
1.145550442 1.573421000 0.228961361 0.244282205 0.251709100 
0.218464262 0.129483639 0.071474714 0.073621487 0.092467943 
1.552294580 0.259886879 0.130117939 0.131784292 0.120696851 
1.195050000 1.558715816 0.221537162 0.229967700 0.183182157 
1.283848385 1.314829119 1.653612142 0.350717061 1.714662999 
2.067066962 1.004481772 0.493411941 1.491496623 1.468970962 
3.400649573 1.362199915 0.672317375 1.306461026 1.446675215 
4.534301903 2.189645715 1.102134650 1.086931383 1.262974493 
0.046679495 0.035884019 0.032453086 0.041183746 0.048780151 
0.080613905 0.053874945 0.038837624 0.048961012 0.061577123 
0.128305369 1.926504881 0.045458663 0.054803575 0.069670699 
1.825798556 0.089420457 0.062574717 0.063338691 1.905677774 
0.210864656 0.120212553 0.073594683 0.078698881 0.109766782 
1.699501655 0.154337375 0.088577909 1.900087178 0.133268727 
1.616485474 0.197514146 0.110954679 1.877307949 0.168890637 
0.073290201 0.044461936 0.035561789 0.045374402 0.062775838 
0.133918764 0.072952462 0.048846949 0.052265801 0.065077087 
0.214859632 0.114134776 0.068535642 0.071614864 0.089202620 
0.330786868 0.169918971 0.103113437 0.098334270 1.880651049 
0.482521513 1.758322880 0.136186794 0.135456436 0.150457987 
1.346455372 0.326705425 0.175945780 0.181287428 0.202846660 
1.126608584 1.572288222 0.225910889 1.761132153 0.249004451 
1.784526247 0.131436030 1.920367461 0.072555620 0.095474488 
0.447630725 1.743173873 0.130681884 0.133312925 0.125188543 
1.188401716 1.555670740 0.222956587 0.228115242 0.182729230 
1.290253940 1.310227826 1.655022198 0.356173572 1.709894444 
2.104749074 1.000243465 1.501495234 1.489773994 1.587045974 
2.614633319 1.380935171 1.321221196 1.300878355 1.434618601 
4.535543540 2.191605431 1.109813698 1.090772611 1.260001860 
0.046581286 0.046750512 0.034349365 0.043215546 0.055111446 
0.089546301 0.059635490 0.041040774 0.062825130 0.067313986 
0.135536032 0.069674260 0.047447632 1.939688286 0.073565514 
0.163007942 0.090083228 0.057037106 0.067323724 0.090704461 
1.771750584 0.124478000 0.074063828 0.081461244 0.112893404 
1.691843282 0.162869472 0.093921141 1.882034615 0.142752433 
1.612432323 0.212762845 1.873985621 0.129846659 0.201124942 
0.078873655 0.050003303 0.041040101 0.047899137 0.080781284 
1.854965207 0.082381911 0.053008445 0.067467039 0.078859088 
0.217445672 0.121008930 0.069438081 0.079039851 0.093221289 
0.350234269 1.824690494 0.099150399 0.109930916 0.127429707 
0.503350987 0.249503648 0.147995436 1.853865322 0.153027592 
1.322917323 0.339087296 0.186067219 0.204567943 1.776551919 
1.114993798 1.544822532 0.234705961 1.757659835 0.268651976 
0.238739058 0.140868560 0.076567824 0.077910363 0.094106432 
0.461660241 1.736506901 0.130856305 0.138746757 0.131761347 
0.842395423 0.454488131 0.239507568 0.239534830 0.200543420 
1.311530681 0.702076467 0.346330409 1.614987176 0.319109306 
2.029668764 1.067700871 0.524833719 0.515667546 0.420237347 
3.352150237 2.587401653 1.321502820 1.300823853 0.559653316 
3.509489340 1.849940516 1.103658306 1.087273999 1.260651559 
0.046445748 0.034991701 0.031530637 0.039736847 0.047969791 
1.919399692 0.051562303 0.036968347 0.048189507 0.060765918 
0.135854123 0.070274988 0.050494636 0.056408912 0.072715787 
0.177201522 0.093915869 0.057690616 0.072031350 0.088127107 
0.226125819 0.120320909 0.069791373 0.077216995 0.105722153 
0.287406983 0.153774627 0.092309567 0.099257342 0.133115455 
0.371004536 0.205757629 0.110471354 0.127349010 0.178141129 
0.069312573 0.044225005 0.033654622 0.042382214 0.051299486 
0.134398480 0.070895215 0.057889966 0.051258232 0.064362192 
0.214920280 0.113036316 0.068647803 0.071033434 0.086993110 
0.331734776 0.169494244 0.097019344 0.098610397 1.885399731 
0.479186526 0.246915338 0.132610553 0.139960740 0.152956176 
1.345360644 0.324370430 1.823918387 0.183097778 0.210154948 
0.870678437 0.424554900 0.231991628 0.240649318 0.253580429 
0.225232543 0.129801600 0.069945091 0.073020946 0.101284080 
0.447883004 1.745365298 0.131842986 0.133576000 0.125853314 
1.192282556 1.558956999 0.221381461 1.770755630 0.240051374 
2.714318483 1.312138837 0.342165917 1.640617432 0.287363032 
2.105126062 1.009253786 1.505359983 0.508634895 0.412089970 
3.369146016 2.620470399 1.319813011 1.302052434 0.560754773 
3.478754333 2.183380420 1.107035908 1.088646951 1.273767784 
