Imagen Hilos Kernel Tiempo
720 1 3 0.395639486
720 2 3 0.244229792
720 4 3 1.734474794
720 8 3 0.268940516
720 16 3 0.183354589
720 1 5 1.045031962
720 2 5 0.540447752
720 4 5 1.553667705
720 8 5 0.449875147
720 16 5 1.513455299
720 1 7 2.131433904
720 2 7 1.034354133
720 4 7 1.107433740
720 8 7 1.118217189
720 16 7 1.020945754
720 1 9 3.062184266
720 2 9 2.466047502
720 4 9 2.599817117
720 8 9 1.384838665
720 16 9 2.599633138
720 1 11 4.455553980
720 2 11 2.253417441
720 4 11 2.131358262
720 8 11 2.180119743
720 16 11 2.086531240
720 1 13 6.122441771
720 2 13 4.870673584
720 4 13 3.095557888
720 8 13 3.117347738
720 16 13 3.124366447
720 1 15 8.158527942
720 2 15 4.204833030
720 4 15 4.136401062
720 8 15 4.224431157
720 16 15 4.240680283
1080 1 3 1.115575442
1080 2 3 1.497926531
1080 4 3 0.457192769
1080 8 3 1.548157006
1080 16 3 0.445335823
1080 1 5 3.862678605
1080 2 5 1.118963600
1080 4 5 1.045584865
1080 8 5 1.039623134
1080 16 5 1.036066951
1080 1 7 5.775183635
1080 2 7 2.170974670
1080 4 7 2.008992761
1080 8 7 2.031140964
1080 16 7 2.043910386
1080 1 9 7.250441956
1080 2 9 4.512269528
1080 4 9 3.316724584
1080 8 9 3.180593646
1080 16 9 3.143133524
1080 1 11 10.068534116
1080 2 11 5.097256536
1080 4 11 5.272109835
1080 8 11 5.358168703
1080 16 11 5.424468216
1080 1 13 13.766331970
1080 2 13 7.071625212
1080 4 13 6.423733670
1080 8 13 7.570472097
1080 16 13 6.325325383
1080 1 15 19.686777336
1080 2 15 9.283619444
1080 4 15 9.363328585
1080 8 15 9.404280985
1080 16 15 8.427799419
4k 1 3 4.279421195
4k 2 3 2.005232959
4k 4 3 1.806312794
4k 8 3 2.198646625
4k 16 3 2.200406417
4k 1 5 9.127011916
4k 2 5 5.313125375
4k 4 5 5.698092942
4k 8 5 4.302966375
4k 16 5 4.311979627
4k 1 7 18.070275707
4k 2 7 9.176258370
4k 4 7 9.631965474
4k 8 7 8.262542204
4k 16 7 9.693335936
4k 1 9 30.420245805
4k 2 9 15.022402658
4k 4 9 14.507147117
4k 8 9 13.409531739
4k 16 9 13.357331486
4k 1 11 45.346103957
4k 2 11 24.846155512
4k 4 11 22.070818372
4k 8 11 20.127562323
4k 16 11 20.095617459
4k 1 13 61.356160886
4k 2 13 31.285293103
4k 4 13 29.208403837
4k 8 13 27.376809467
4k 16 13 27.311536007
4k 1 15 81.838865567
4k 2 15 41.330785977
4k 4 15 36.438469671
4k 8 15 37.042400247
4k 16 15 36.108192351
