Imagen Hilos Kernel Tiempo
720 1 3 1.609948799
720 2 3 0.194453596
720 4 3 0.189352519
720 8 3 1.818508758
720 16 3 0.180807388
720 1 5 1.029085853
720 2 5 0.500499916
720 4 5 0.455287291
720 8 5 1.546862448
720 16 5 0.432117431
720 1 7 2.074575620
720 2 7 1.052114608
720 4 7 1.123555056
720 8 7 1.146680061
720 16 7 1.154769853
720 1 9 3.005180226
720 2 9 2.474606155
720 4 9 1.412516057
720 8 9 2.608644000
720 16 9 1.374144427
720 1 11 5.440749715
720 2 11 2.255310606
720 4 11 3.928251440
720 8 11 2.026084881
720 16 11 2.019854241
720 1 13 6.164189673
720 2 13 3.124320043
720 4 13 3.054728889
720 8 13 3.177085286
720 16 13 3.221208635
720 1 15 8.204067346
720 2 15 4.189387357
720 4 15 4.233654649
720 8 15 3.735453355
720 16 15 3.676588963
1080 1 3 1.108852929
1080 2 3 1.548699511
1080 4 3 0.415958410
1080 8 3 0.409509701
1080 16 3 0.400829529
1080 1 5 2.169292744
1080 2 5 1.089285439
1080 4 5 1.005434796
1080 8 5 1.000372810
1080 16 5 1.029677890
1080 1 7 5.830955301
1080 2 7 2.129374064
1080 4 7 2.035265350
1080 8 7 2.074560573
1080 16 7 2.111342582
1080 1 9 7.276823638
1080 2 9 3.426429693
1080 4 9 3.199758458
1080 8 9 3.087144888
1080 16 9 3.040785696
1080 1 11 10.024177682
1080 2 11 6.926317395
1080 4 11 4.678507365
1080 8 11 5.383458425
1080 16 11 5.143077434
1080 1 13 14.082948102
1080 2 13 7.219787214
1080 4 13 6.404298691
1080 8 13 6.288532261
1080 16 13 6.210122337
1080 1 15 19.320747817
1080 2 15 9.287198453
1080 4 15 9.504281784
1080 8 15 8.394527615
1080 16 15 8.176535382
4k 1 3 3.722576759
4k 2 3 1.864939108
4k 4 3 2.258014983
4k 8 3 2.282929584
4k 16 3 1.691530615
4k 1 5 9.079657335
4k 2 5 5.341471458
4k 4 5 4.238665852
4k 8 5 4.219701312
4k 16 5 4.206295903
4k 1 7 18.017249819
4k 2 7 9.109129003
4k 4 7 9.386544478
4k 8 7 8.153258422
4k 16 7 8.129542492
4k 1 9 30.338666281
4k 2 9 15.204392886
4k 4 9 14.333689551
4k 8 9 14.735658024
4k 16 9 13.267220050
4k 1 11 43.742219893
4k 2 11 22.021525252
4k 4 11 20.098583785
4k 8 11 20.397994882
4k 16 11 19.530127928
4k 1 13 60.673414603
4k 2 13 30.524264008
4k 4 13 27.486117878
4k 8 13 27.186141497
4k 16 13 27.115018674
4k 1 15 80.199313121
4k 2 15 40.508781637
4k 4 15 37.560951995
4k 8 15 36.201464623
4k 16 15 35.828056036
